[0 0 0 0 0 0 0 0 0] (0 0 0 0 0 0 0 0 0 0 0 0 0 0) 1 suggestion: 5
[5 0 0 0 0 0 0 0 0] (0 0 0 0 1 0 0 0 0 0 0 0 0 0) 5 suggestion: 1
[6 0 0 0 0 0 0 0 0] (1 0 0 0 1 0 0 0 0 0 0 0 0 0) 1 suggestion: 1
[7 0 0 0 0 0 0 0 0] (2 0 0 0 1 0 0 0 0 0 0 0 0 0) 1 suggestion: 1
[8 0 0 0 0 0 0 0 0] (3 0 0 0 1 0 0 0 0 0 0 0 0 0) 1 suggestion: 1
[9 0 0 0 0 0 0 0 0] (4 0 0 0 1 0 0 0 0 0 0 0 0 0) 1 suggestion: 1
[10 0 0 0 0 0 0 0 0] (5 0 0 0 1 0 0 0 0 0 0 0 0 0) 1 suggestion: 10
[10 10 0 0 0 0 0 0 0] (5 0 0 0 1 0 0 0 0 1 0 0 0 0) 10 suggestion: 10
[10 10 10 0 0 0 0 0 0] (5 0 0 0 1 0 0 0 0 2 0 0 0 0) 10 suggestion: 10
[10 10 10 10 0 0 0 0 0] (5 0 0 0 1 0 0 0 0 3 0 0 0 0) 10 suggestion: 10
[9 1 0 0 0 0 0 0 0] (5 0 0 0 1 0 0 0 0 0 0 0 0 0) 1 suggestion: 1
[9 2 0 0 0 0 0 0 0] (6 0 0 0 1 0 0 0 0 0 0 0 0 0) 1 suggestion: 3
[9 3 2 0 0 0 0 0 0] (6 0 1 0 1 0 0 0 0 0 0 0 0 0) 3 suggestion: 2
[9 5 2 0 0 0 0 0 0] (6 1 1 0 1 0 0 0 0 0 0 0 0 0) 2 suggestion: 1
[9 4 3 0 0 0 0 0 0] (6 1 1 0 1 0 0 0 0 0 0 0 0 0) 2 suggestion: 3
[9 3 2 2 0 0 0 0 0] (6 1 1 0 1 0 0 0 0 0 0 0 0 0) 2 suggestion: 1
[9 1 1 0 0 0 0 0 0] (6 0 0 0 1 0 0 0 0 0 0 0 0 0) 1 suggestion: 2
[9 3 1 0 0 0 0 0 0] (6 1 0 0 1 0 0 0 0 0 0 0 0 0) 2 suggestion: 4
[9 5 3 0 0 0 0 0 0] (6 1 0 1 1 0 0 0 0 0 0 0 0 0) 4 suggestion: 4
[9 4 3 1 0 0 0 0 0] (6 1 0 1 1 0 0 0 0 0 0 0 0 0) 4 suggestion: 3
[9 2 1 1 0 0 0 0 0] (6 1 0 0 1 0 0 0 0 0 0 0 0 0) 2 suggestion: 1
[9 3 1 1 0 0 0 0 0] (7 1 0 0 1 0 0 0 0 0 0 0 0 0) 1 suggestion: 1
[9 2 2 1 0 0 0 0 0] (7 1 0 0 1 0 0 0 0 0 0 0 0 0) 2 suggestion: 3
[9 2 1 1 1 0 0 0 0] (7 1 0 0 1 0 0 0 0 0 0 0 0 0) 1 suggestion: 1
[8 1 0 0 0 0 0 0 0] (4 0 0 0 1 0 0 0 0 0 0 0 0 0) 1 suggestion: 1
[8 2 0 0 0 0 0 0 0] (5 0 0 0 1 0 0 0 0 0 0 0 0 0) 1 suggestion: 1
[8 3 0 0 0 0 0 0 0] (6 0 0 0 1 0 0 0 0 0 0 0 0 0) 1 suggestion: 3
[8 3 3 0 0 0 0 0 0] (6 0 1 0 1 0 0 0 0 0 0 0 0 0) 3 suggestion: 3
[8 3 3 3 0 0 0 0 0] (6 0 2 0 1 0 0 0 0 0 0 0 0 0) 3 suggestion: 4
[8 2 1 0 0 0 0 0 0] (6 0 0 0 1 0 0 0 0 0 0 0 0 0) 1 suggestion: 3
[8 4 2 0 0 0 0 0 0] (6 0 1 0 1 0 0 0 0 0 0 0 0 0) 3 suggestion: 3
[8 5 4 0 0 0 0 0 0] (6 0 2 0 1 0 0 0 0 0 0 0 0 0) 3 suggestion: 3
[8 4 3 2 0 0 0 0 0] (6 0 2 0 1 0 0 0 0 0 0 0 0 0) 3 suggestion: 3
[8 3 2 1 0 0 0 0 0] (6 0 1 0 1 0 0 0 0 0 0 0 0 0) 3 suggestion: 3
[8 3 3 2 1 0 0 0 0] (6 0 2 0 1 0 0 0 0 0 0 0 0 0) 3 suggestion: 3
[8 5 3 1 0 0 0 0 0] (6 0 2 0 1 0 0 0 0 0 0 0 0 0) 3 suggestion: 7
[8 3 3 3 2 1 0 0 0] (6 0 3 0 1 0 0 0 0 0 0 0 0 0) 3 suggestion: 2
[8 4 3 3 2 0 0 0 0] (6 0 3 0 1 0 0 0 0 0 0 0 0 0) 3 suggestion: 2
[8 5 3 3 1 0 0 0 0] (6 0 3 0 1 0 0 0 0 0 0 0 0 0) 3 suggestion: 7
[8 1 1 0 0 0 0 0 0] (5 0 0 0 1 0 0 0 0 0 0 0 0 0) 1 suggestion: 1
[7 1 0 0 0 0 0 0 0] (3 0 0 0 1 0 0 0 0 0 0 0 0 0) 1 suggestion: 1
[7 2 0 0 0 0 0 0 0] (4 0 0 0 1 0 0 0 0 0 0 0 0 0) 1 suggestion: 1
[7 3 0 0 0 0 0 0 0] (5 0 0 0 1 0 0 0 0 0 0 0 0 0) 1 suggestion: 7
[14 3 0 0 0 0 0 0 0] (5 0 0 0 1 0 1 0 0 0 0 0 0 0) 7 suggestion: 7
[14 7 3 0 0 0 0 0 0] (5 0 0 0 1 0 2 0 0 0 0 0 0 0) 7 suggestion: 6
[14 13 3 0 0 0 0 0 0] (5 0 0 0 1 1 2 0 0 0 0 0 0 0) 6 suggestion: 7
[7 2 1 0 0 0 0 0 0] (5 0 0 0 1 0 0 0 0 0 0 0 0 0) 1 suggestion: 1
[7 3 1 0 0 0 0 0 0] (6 0 0 0 1 0 0 0 0 0 0 0 0 0) 1 suggestion: 6
[13 3 1 0 0 0 0 0 0] (6 0 0 0 1 1 0 0 0 0 0 0 0 0) 6 suggestion: 7
[13 8 3 0 0 0 0 0 0] (6 0 0 0 1 1 1 0 0 0 0 0 0 0) 7 suggestion: 6
[13 7 3 1 0 0 0 0 0] (6 0 0 0 1 1 1 0 0 0 0 0 0 0) 7 suggestion: 6
[7 2 2 0 0 0 0 0 0] (6 0 0 0 1 0 0 0 0 0 0 0 0 0) 1 suggestion: 3
[7 3 2 2 0 0 0 0 0] (6 0 1 0 1 0 0 0 0 0 0 0 0 0) 3 suggestion: 3
[7 5 3 2 0 0 0 0 0] (6 0 2 0 1 0 0 0 0 0 0 0 0 0) 3 suggestion: 2
[7 3 3 2 2 0 0 0 0] (6 0 2 0 1 0 0 0 0 0 0 0 0 0) 3 suggestion: 2
[7 2 1 1 0 0 0 0 0] (6 0 0 0 1 0 0 0 0 0 0 0 0 0) 1 suggestion: 1
[8 2 1 1 0 0 0 0 0] (7 0 0 0 1 0 0 0 0 0 0 0 0 0) 1 suggestion: 1
[7 3 1 1 0 0 0 0 0] (7 0 0 0 1 0 0 0 0 0 0 0 0 0) 1 suggestion: 1
[7 2 2 1 0 0 0 0 0] (7 0 0 0 1 0 0 0 0 0 0 0 0 0) 1 suggestion: 1
[7 2 1 1 1 0 0 0 0] (7 0 0 0 1 0 0 0 0 0 0 0 0 0) 1 suggestion: 1
[9 2 1 1 0 0 0 0 0] (8 0 0 0 1 0 0 0 0 0 0 0 0 0) 1 suggestion: 2
[9 1 1 1 1 0 0 0 0] (8 0 0 0 1 0 0 0 0 0 0 0 0 0) 1 suggestion: 4
[8 2 1 1 1 0 0 0 0] (8 0 0 0 1 0 0 0 0 0 0 0 0 0) 1 suggestion: 4
[8 3 1 1 0 0 0 0 0] (8 0 0 0 1 0 0 0 0 0 0 0 0 0) 1 suggestion: 2
[8 2 2 1 0 0 0 0 0] (8 0 0 0 1 0 0 0 0 0 0 0 0 0) 1 suggestion: 2
[7 4 1 1 0 0 0 0 0] (6 1 0 0 1 0 0 0 0 0 0 0 0 0) 2 suggestion: 7
[14 4 1 1 0 0 0 0 0] (6 1 0 0 1 0 1 0 0 0 0 0 0 0) 7 suggestion: 7
[7 3 2 1 0 0 0 0 0] (6 1 0 0 1 0 0 0 0 0 0 0 0 0) 2 suggestion: 3
[7 5 3 1 0 0 0 0 0] (6 1 1 0 1 0 0 0 0 0 0 0 0 0) 3 suggestion: 3
[7 4 3 2 0 0 0 0 0] (6 1 1 0 1 0 0 0 0 0 0 0 0 0) 3 suggestion: 3
[7 3 3 2 1 0 0 0 0] (6 1 1 0 1 0 0 0 0 0 0 0 0 0) 3 suggestion: 3
[7 2 2 1 1 0 0 0 0] (6 1 0 0 1 0 0 0 0 0 0 0 0 0) 2 suggestion: 4
[7 5 2 2 1 0 0 0 0] (6 1 0 1 1 0 0 0 0 0 0 0 0 0) 4 suggestion: 4
[7 4 2 2 1 1 0 0 0] (6 1 0 1 1 0 0 0 0 0 0 0 0 0) 4 suggestion: 4
[7 1 1 0 0 0 0 0 0] (4 0 0 0 1 0 0 0 0 0 0 0 0 0) 1 suggestion: 1
[7 1 1 1 0 0 0 0 0] (5 0 0 0 1 0 0 0 0 0 0 0 0 0) 1 suggestion: 1
[8 1 1 1 0 0 0 0 0] (6 0 0 0 1 0 0 0 0 0 0 0 0 0) 1 suggestion: 1
[9 1 1 1 0 0 0 0 0] (7 0 0 0 1 0 0 0 0 0 0 0 0 0) 1 suggestion: 1
[9 3 2 1 0 0 0 0 0] (8 1 0 0 1 0 0 0 0 0 0 0 0 0) 2 suggestion: 4
[9 2 2 1 1 0 0 0 0] (8 1 0 0 1 0 0 0 0 0 0 0 0 0) 2 suggestion: 3
[8 3 3 1 0 0 0 0 0] (8 1 0 0 1 0 0 0 0 0 0 0 0 0) 2 suggestion: 3
[8 3 2 1 1 0 0 0 0] (8 1 0 0 1 0 0 0 0 0 0 0 0 0) 2 suggestion: 3
[8 5 1 1 0 0 0 0 0] (6 0 0 1 1 0 0 0 0 0 0 0 0 0) 4 suggestion: 4
[8 5 4 1 1 0 0 0 0] (6 0 0 2 1 0 0 0 0 0 0 0 0 0) 4 suggestion: 7
[8 4 1 1 1 0 0 0 0] (6 0 0 1 1 0 0 0 0 0 0 0 0 0) 4 suggestion: 5
[13 4 1 1 1 0 0 0 0] (6 0 0 1 2 0 0 0 0 0 0 0 0 0) 5 suggestion: 7
[8 5 4 1 1 1 0 0 0] (6 0 0 1 2 0 0 0 0 0 0 0 0 0) 5 suggestion: 4
[7 1 1 1 1 0 0 0 0] (6 0 0 0 1 0 0 0 0 0 0 0 0 0) 1 suggestion: 1
[8 1 1 1 1 0 0 0 0] (7 0 0 0 1 0 0 0 0 0 0 0 0 0) 1 suggestion: 4
[8 5 1 1 1 0 0 0 0] (7 0 0 1 1 0 0 0 0 0 0 0 0 0) 4 suggestion: 7
[8 4 1 1 1 1 0 0 0] (7 0 0 1 1 0 0 0 0 0 0 0 0 0) 4 suggestion: 5
[7 1 1 1 1 1 0 0 0] (7 0 0 0 1 0 0 0 0 0 0 0 0 0) 1 suggestion: 3
[7 4 1 1 1 1 0 0 0] (7 0 1 0 1 0 0 0 0 0 0 0 0 0) 3 suggestion: 6
[7 3 1 1 1 1 1 0 0] (7 0 1 0 1 0 0 0 0 0 0 0 0 0) 3 suggestion: 6
[6 1 0 0 0 0 0 0 0] (2 0 0 0 1 0 0 0 0 0 0 0 0 0) 1 suggestion: 1
[6 2 0 0 0 0 0 0 0] (3 0 0 0 1 0 0 0 0 0 0 0 0 0) 1 suggestion: 1
[6 3 0 0 0 0 0 0 0] (4 0 0 0 1 0 0 0 0 0 0 0 0 0) 1 suggestion: 1
[6 4 0 0 0 0 0 0 0] (5 0 0 0 1 0 0 0 0 0 0 0 0 0) 1 suggestion: 2
[8 4 0 0 0 0 0 0 0] (5 1 0 0 1 0 0 0 0 0 0 0 0 0) 2 suggestion: 3
[8 4 3 0 0 0 0 0 0] (5 1 1 0 1 0 0 0 0 0 0 0 0 0) 3 suggestion: 4
[8 4 4 3 0 0 0 0 0] (5 1 1 1 1 0 0 0 0 0 0 0 0 0) 4 suggestion: 3
[6 4 2 0 0 0 0 0 0] (5 1 0 0 1 0 0 0 0 0 0 0 0 0) 2 suggestion: 1
[7 4 2 0 0 0 0 0 0] (6 1 0 0 1 0 0 0 0 0 0 0 0 0) 1 suggestion: 3
[7 5 4 0 0 0 0 0 0] (6 1 1 0 1 0 0 0 0 0 0 0 0 0) 3 suggestion: 3
[6 4 3 0 0 0 0 0 0] (6 1 0 0 1 0 0 0 0 0 0 0 0 0) 2 suggestion: 1
[7 4 3 0 0 0 0 0 0] (7 1 0 0 1 0 0 0 0 0 0 0 0 0) 1 suggestion: 3
[6 4 4 0 0 0 0 0 0] (7 1 0 0 1 0 0 0 0 0 0 0 0 0) 1 suggestion: 7
[6 4 3 1 0 0 0 0 0] (7 1 0 0 1 0 0 0 0 0 0 0 0 0) 2 suggestion: 7
[6 4 2 1 0 0 0 0 0] (6 1 0 0 1 0 0 0 0 0 0 0 0 0) 2 suggestion: 7
[13 4 2 1 0 0 0 0 0] (6 1 0 0 1 0 1 0 0 0 0 0 0 0) 7 suggestion: 7
[6 3 1 0 0 0 0 0 0] (5 0 0 0 1 0 0 0 0 0 0 0 0 0) 1 suggestion: 1
[6 4 1 0 0 0 0 0 0] (6 0 0 0 1 0 0 0 0 0 0 0 0 0) 1 suggestion: 2
[8 4 1 0 0 0 0 0 0] (6 1 0 0 1 0 0 0 0 0 0 0 0 0) 2 suggestion: 3
[8 4 4 0 0 0 0 0 0] (6 1 1 0 1 0 0 0 0 0 0 0 0 0) 3 suggestion: 3
[8 4 3 1 0 0 0 0 0] (6 1 1 0 1 0 0 0 0 0 0 0 0 0) 3 suggestion: 3
[6 3 2 0 0 0 0 0 0] (6 0 0 0 1 0 0 0 0 0 0 0 0 0) 1 suggestion: 2
[8 3 2 0 0 0 0 0 0] (6 1 0 0 1 0 0 0 0 0 0 0 0 0) 2 suggestion: 2
[8 5 2 0 0 0 0 0 0] (6 2 0 0 1 0 0 0 0 0 0 0 0 0) 2 suggestion: 3
[8 4 3 0 0 0 0 0 0] (6 2 0 0 1 0 0 0 0 0 0 0 0 0) 2 suggestion: 4
[8 3 2 2 0 0 0 0 0] (6 2 0 0 1 0 0 0 0 0 0 0 0 0) 2 suggestion: 4
[6 3 2 2 0 0 0 0 0] (6 1 0 0 1 0 0 0 0 0 0 0 0 0) 2 suggestion: 2
[6 5 2 2 0 0 0 0 0] (6 2 0 0 1 0 0 0 0 0 0 0 0 0) 2 suggestion: 5
[6 4 3 2 0 0 0 0 0] (6 2 0 0 1 0 0 0 0 0 0 0 0 0) 2 suggestion: 4
[6 3 2 2 2 0 0 0 0] (6 2 0 0 1 0 0 0 0 0 0 0 0 0) 2 suggestion: 1
[6 3 1 1 0 0 0 0 0] (6 0 0 0 1 0 0 0 0 0 0 0 0 0) 1 suggestion: 7
[13 3 1 1 0 0 0 0 0] (6 0 0 0 1 0 1 0 0 0 0 0 0 0) 7 suggestion: 7
[13 8 3 1 0 0 0 0 0] (6 0 0 0 1 0 2 0 0 0 0 0 0 0) 7 suggestion: 6
[13 7 3 1 1 0 0 0 0] (6 0 0 0 1 0 2 0 0 0 0 0 0 0) 7 suggestion: 6
[6 2 1 0 0 0 0 0 0] (4 0 0 0 1 0 0 0 0 0 0 0 0 0) 1 suggestion: 1
[6 2 2 0 0 0 0 0 0] (5 0 0 0 1 0 0 0 0 0 0 0 0 0) 1 suggestion: 1
[6 2 2 1 0 0 0 0 0] (6 0 0 0 1 0 0 0 0 0 0 0 0 0) 1 suggestion: 1
[6 3 2 1 0 0 0 0 0] (7 0 0 0 1 0 0 0 0 0 0 0 0 0) 1 suggestion: 2
[8 3 2 1 0 0 0 0 0] (7 1 0 0 1 0 0 0 0 0 0 0 0 0) 2 suggestion: 4
[6 3 3 2 0 0 0 0 0] (7 1 0 0 1 0 0 0 0 0 0 0 0 0) 2 suggestion: 7
[6 3 2 2 1 0 0 0 0] (7 1 0 0 1 0 0 0 0 0 0 0 0 0) 2 suggestion: 4
[6 2 2 2 0 0 0 0 0] (7 0 0 0 1 0 0 0 0 0 0 0 0 0) 1 suggestion: 4
[6 4 2 2 2 0 0 0 0] (7 0 0 1 1 0 0 0 0 0 0 0 0 0) 4 suggestion: 4
[6 2 2 1 1 0 0 0 0] (7 0 0 0 1 0 0 0 0 0 0 0 0 0) 1 suggestion: 1
[6 2 1 1 0 0 0 0 0] (5 0 0 0 1 0 0 0 0 0 0 0 0 0) 1 suggestion: 1
[6 2 1 1 1 0 0 0 0] (6 0 0 0 1 0 0 0 0 0 0 0 0 0) 1 suggestion: 1
[11 2 1 1 1 0 0 0 0] (6 0 0 0 2 0 0 0 0 0 0 0 0 0) 5 suggestion: 4
[15 2 1 1 1 0 0 0 0] (6 0 0 1 2 0 0 0 0 0 0 0 0 0) 4 suggestion: 4
[11 5 2 1 1 0 0 0 0] (6 0 0 1 2 0 0 0 0 0 0 0 0 0) 4 suggestion: 8
[11 4 2 1 1 1 0 0 0] (6 0 0 1 2 0 0 0 0 0 0 0 0 0) 4 suggestion: 4
[6 5 2 1 1 1 0 0 0] (6 0 0 0 2 0 0 0 0 0 0 0 0 0) 5 suggestion: 4
[10 5 2 1 1 1 0 0 0] (6 0 0 1 2 0 0 0 0 0 0 0 0 0) 4 suggestion: 5
[6 5 4 2 1 1 1 0 0] (6 0 0 1 2 0 0 0 0 0 0 0 0 0) 4 suggestion: 5
[6 1 1 0 0 0 0 0 0] (3 0 0 0 1 0 0 0 0 0 0 0 0 0) 1 suggestion: 1
[6 1 1 1 0 0 0 0 0] (4 0 0 0 1 0 0 0 0 0 0 0 0 0) 1 suggestion: 1
[6 1 1 1 1 0 0 0 0] (5 0 0 0 1 0 0 0 0 0 0 0 0 0) 1 suggestion: 1
[6 1 1 1 1 1 0 0 0] (6 0 0 0 1 0 0 0 0 0 0 0 0 0) 1 suggestion: 4
[6 5 1 1 1 1 0 0 0] (6 0 0 1 1 0 0 0 0 0 0 0 0 0) 4 suggestion: 4
[6 5 4 1 1 1 1 0 0] (6 0 0 2 1 0 0 0 0 0 0 0 0 0) 4 suggestion: 4
[6 4 1 1 1 1 1 0 0] (6 0 0 1 1 0 0 0 0 0 0 0 0 0) 4 suggestion: 4
[5 1 0 0 0 0 0 0 0] (1 0 0 0 1 0 0 0 0 0 0 0 0 0) 1 suggestion: 1
[5 2 0 0 0 0 0 0 0] (2 0 0 0 1 0 0 0 0 0 0 0 0 0) 1 suggestion: 1
[5 4 1 0 0 0 0 0 0] (5 0 0 0 1 0 0 0 0 0 0 0 0 0) 1 suggestion: 3
[5 4 4 0 0 0 0 0 0] (5 0 1 0 1 0 0 0 0 0 0 0 0 0) 3 suggestion: 3
[7 5 4 0 0 0 0 0 0] (5 0 2 0 1 0 0 0 0 0 0 0 0 0) 3 suggestion: 3
[7 5 4 3 0 0 0 0 0] (5 0 3 0 1 0 0 0 0 0 0 0 0 0) 3 suggestion: 3
[5 4 4 3 0 0 0 0 0] (5 0 2 0 1 0 0 0 0 0 0 0 0 0) 3 suggestion: 3
[6 5 4 4 0 0 0 0 0] (5 0 3 0 1 0 0 0 0 0 0 0 0 0) 3 suggestion: 7
[5 4 4 3 3 0 0 0 0] (5 0 3 0 1 0 0 0 0 0 0 0 0 0) 3 suggestion: 3
[5 4 3 1 0 0 0 0 0] (5 0 1 0 1 0 0 0 0 0 0 0 0 0) 3 suggestion: 3
[7 5 3 1 0 0 0 0 0] (5 0 2 0 1 0 0 0 0 0 0 0 0 0) 3 suggestion: 3
[7 5 3 3 1 0 0 0 0] (5 0 3 0 1 0 0 0 0 0 0 0 0 0) 3 suggestion: 7
[6 5 4 1 0 0 0 0 0] (5 0 2 0 1 0 0 0 0 0 0 0 0 0) 3 suggestion: 7
[13 5 4 1 0 0 0 0 0] (5 0 2 0 1 0 1 0 0 0 0 0 0 0) 7 suggestion: 8
[12 6 4 1 0 0 0 0 0] (5 0 2 0 1 0 1 0 0 0 0 0 0 0) 7 suggestion: 7
[5 4 3 3 1 0 0 0 0] (5 0 2 0 1 0 0 0 0 0 0 0 0 0) 3 suggestion: 3
[6 5 4 3 1 0 0 0 0] (5 0 3 0 1 0 0 0 0 0 0 0 0 0) 3 suggestion: 3
[5 4 3 3 3 1 0 0 0] (5 0 3 0 1 0 0 0 0 0 0 0 0 0) 3 suggestion: 3
[5 4 3 3 3 3 1 0 0] (5 0 4 0 1 0 0 0 0 0 0 0 0 0) 3 suggestion: 4
[5 4 4 3 3 3 0 0 0] (5 0 4 0 1 0 0 0 0 0 0 0 0 0) 3 suggestion: 3
[6 5 4 3 3 1 0 0 0] (5 0 4 0 1 0 0 0 0 0 0 0 0 0) 3 suggestion: 3
[7 5 3 3 3 1 0 0 0] (5 0 4 0 1 0 0 0 0 0 0 0 0 0) 3 suggestion: 4
[8 4 3 3 3 1 0 0 0] (5 0 4 0 1 0 0 0 0 0 0 0 0 0) 3 suggestion: 3
[5 3 2 0 0 0 0 0 0] (5 0 0 0 1 0 0 0 0 0 0 0 0 0) 1 suggestion: 1
[5 4 2 0 0 0 0 0 0] (6 0 0 0 1 0 0 0 0 0 0 0 0 0) 1 suggestion: 3
[5 4 3 2 0 0 0 0 0] (6 0 1 0 1 0 0 0 0 0 0 0 0 0) 3 suggestion: 3
[6 5 4 2 0 0 0 0 0] (6 0 2 0 1 0 0 0 0 0 0 0 0 0) 3 suggestion: 7
[5 5 4 3 0 0 0 0 0] (6 0 2 0 1 0 0 0 0 0 0 0 0 0) 3 suggestion: 4
[5 4 3 3 2 0 0 0 0] (6 0 2 0 1 0 0 0 0 0 0 0 0 0) 3 suggestion: 2
[5 3 3 0 0 0 0 0 0] (6 0 0 0 1 0 0 0 0 0 0 0 0 0) 1 suggestion: 3
[5 3 3 3 0 0 0 0 0] (6 0 1 0 1 0 0 0 0 0 0 0 0 0) 3 suggestion: 2
[7 3 3 3 0 0 0 0 0] (6 1 1 0 1 0 0 0 0 0 0 0 0 0) 2 suggestion: 3
[5 5 3 3 0 0 0 0 0] (6 1 1 0 1 0 0 0 0 0 0 0 0 0) 2 suggestion: 8
[5 3 3 3 2 0 0 0 0] (6 1 1 0 1 0 0 0 0 0 0 0 0 0) 2 suggestion: 3
[5 3 2 1 0 0 0 0 0] (6 0 0 0 1 0 0 0 0 0 0 0 0 0) 1 suggestion: 3
[5 3 3 2 1 0 0 0 0] (6 0 1 0 1 0 0 0 0 0 0 0 0 0) 3 suggestion: 2
[7 3 3 2 1 0 0 0 0] (6 1 1 0 1 0 0 0 0 0 0 0 0 0) 2 suggestion: 3
[5 5 3 2 1 0 0 0 0] (6 1 1 0 1 0 0 0 0 0 0 0 0 0) 2 suggestion: 2
[5 4 3 3 1 0 0 0 0] (6 1 1 0 1 0 0 0 0 0 0 0 0 0) 2 suggestion: 3
[5 3 3 2 2 1 0 0 0] (6 1 1 0 1 0 0 0 0 0 0 0 0 0) 2 suggestion: 2
[5 3 1 1 0 0 0 0 0] (5 0 0 0 1 0 0 0 0 0 0 0 0 0) 1 suggestion: 3
[5 3 3 1 1 0 0 0 0] (5 0 1 0 1 0 0 0 0 0 0 0 0 0) 3 suggestion: 3
[6 5 3 1 1 0 0 0 0] (5 0 2 0 1 0 0 0 0 0 0 0 0 0) 3 suggestion: 3
[9 5 3 1 1 0 0 0 0] (5 0 3 0 1 0 0 0 0 0 0 0 0 0) 3 suggestion: 6
[6 5 3 3 1 1 0 0 0] (5 0 3 0 1 0 0 0 0 0 0 0 0 0) 3 suggestion: 7
[5 3 3 3 1 1 0 0 0] (5 0 2 0 1 0 0 0 0 0 0 0 0 0) 3 suggestion: 2
[7 3 3 3 1 1 0 0 0] (5 1 2 0 1 0 0 0 0 0 0 0 0 0) 2 suggestion: 2
[5 5 3 3 1 1 0 0 0] (5 1 2 0 1 0 0 0 0 0 0 0 0 0) 2 suggestion: 1
[5 3 3 3 3 1 0 0 0] (5 1 2 0 1 0 0 0 0 0 0 0 0 0) 2 suggestion: 2
[5 3 3 3 2 1 1 0 0] (5 1 2 0 1 0 0 0 0 0 0 0 0 0) 2 suggestion: 2
[5 2 1 0 0 0 0 0 0] (3 0 0 0 1 0 0 0 0 0 0 0 0 0) 1 suggestion: 1
[5 2 2 0 0 0 0 0 0] (4 0 0 0 1 0 0 0 0 0 0 0 0 0) 1 suggestion: 1
[5 2 2 1 0 0 0 0 0] (5 0 0 0 1 0 0 0 0 0 0 0 0 0) 1 suggestion: 1
[5 2 2 2 0 0 0 0 0] (6 0 0 0 1 0 0 0 0 0 0 0 0 0) 1 suggestion: 3
[8 2 2 2 0 0 0 0 0] (6 0 1 0 1 0 0 0 0 0 0 0 0 0) 3 suggestion: 3
[8 5 2 2 0 0 0 0 0] (6 0 2 0 1 0 0 0 0 0 0 0 0 0) 3 suggestion: 5
[8 3 2 2 2 0 0 0 0] (6 0 2 0 1 0 0 0 0 0 0 0 0 0) 3 suggestion: 2
[5 3 2 2 2 0 0 0 0] (6 0 1 0 1 0 0 0 0 0 0 0 0 0) 3 suggestion: 3
[6 5 2 2 2 0 0 0 0] (6 0 2 0 1 0 0 0 0 0 0 0 0 0) 3 suggestion: 3
[5 5 3 2 2 0 0 0 0] (6 0 2 0 1 0 0 0 0 0 0 0 0 0) 3 suggestion: 4
[5 3 3 2 2 2 0 0 0] (6 0 2 0 1 0 0 0 0 0 0 0 0 0) 3 suggestion: 4
[5 2 2 1 1 0 0 0 0] (6 0 0 0 1 0 0 0 0 0 0 0 0 0) 1 suggestion: 1
[5 3 2 1 1 0 0 0 0] (7 0 0 0 1 0 0 0 0 0 0 0 0 0) 1 suggestion: 1
[5 2 2 2 1 0 0 0 0] (7 0 0 0 1 0 0 0 0 0 0 0 0 0) 1 suggestion: 4
[9 2 2 2 1 0 0 0 0] (7 0 0 1 1 0 0 0 0 0 0 0 0 0) 4 suggestion: 3
[5 5 2 2 2 0 0 0 0] (7 0 0 1 1 0 0 0 0 0 0 0 0 0) 4 suggestion: 3
[5 4 2 2 2 1 0 0 0] (7 0 0 1 1 0 0 0 0 0 0 0 0 0) 4 suggestion: 4
[5 2 2 1 1 1 0 0 0] (7 0 0 0 1 0 0 0 0 0 0 0 0 0) 1 suggestion: 1
[6 2 2 1 1 1 0 0 0] (8 0 0 0 1 0 0 0 0 0 0 0 0 0) 1 suggestion: 5
[5 3 2 1 1 1 0 0 0] (8 0 0 0 1 0 0 0 0 0 0 0 0 0) 1 suggestion: 3
[5 2 2 2 1 1 0 0 0] (8 0 0 0 1 0 0 0 0 0 0 0 0 0) 1 suggestion: 4
[5 2 2 1 1 1 1 0 0] (8 0 0 0 1 0 0 0 0 0 0 0 0 0) 1 suggestion: 4
[5 2 1 1 0 0 0 0 0] (4 0 0 0 1 0 0 0 0 0 0 0 0 0) 1 suggestion: 1
[5 2 1 1 1 0 0 0 0] (5 0 0 0 1 0 0 0 0 0 0 0 0 0) 1 suggestion: 1
[6 3 1 1 1 0 0 0 0] (7 0 0 0 1 0 0 0 0 0 0 0 0 0) 1 suggestion: 1
[5 5 4 1 1 0 0 0 0] (7 0 0 1 1 0 0 0 0 0 0 0 0 0) 4 suggestion: 4
[5 4 4 1 1 1 0 0 0] (7 0 0 1 1 0 0 0 0 0 0 0 0 0) 4 suggestion: 4
[5 3 1 1 1 1 0 0 0] (7 0 0 0 1 0 0 0 0 0 0 0 0 0) 1 suggestion: 2
[7 3 1 1 1 1 0 0 0] (7 1 0 0 1 0 0 0 0 0 0 0 0 0) 2 suggestion: 2
[5 3 3 1 1 1 0 0 0] (7 1 0 0 1 0 0 0 0 0 0 0 0 0) 2 suggestion: 4
[5 3 2 1 1 1 1 0 0] (7 1 0 0 1 0 0 0 0 0 0 0 0 0) 2 suggestion: 2
[5 2 1 1 1 1 0 0 0] (6 0 0 0 1 0 0 0 0 0 0 0 0 0) 1 suggestion: 2
[7 2 1 1 1 1 0 0 0] (6 1 0 0 1 0 0 0 0 0 0 0 0 0) 2 suggestion: 3
[7 5 1 1 1 1 0 0 0] (6 1 1 0 1 0 0 0 0 0 0 0 0 0) 3 suggestion: 5
[7 4 2 1 1 1 0 0 0] (6 1 1 0 1 0 0 0 0 0 0 0 0 0) 3 suggestion: 4
[7 3 2 1 1 1 1 0 0] (6 1 1 0 1 0 0 0 0 0 0 0 0 0) 3 suggestion: 3
[5 4 1 1 1 1 0 0 0] (6 1 0 0 1 0 0 0 0 0 0 0 0 0) 2 suggestion: 3
[8 4 1 1 1 1 0 0 0] (6 1 1 0 1 0 0 0 0 0 0 0 0 0) 3 suggestion: 2
[5 4 4 1 1 1 0 0 0] (6 1 1 0 1 0 0 0 0 0 0 0 0 0) 3 suggestion: 4
[5 4 3 1 1 1 1 0 0] (6 1 1 0 1 0 0 0 0 0 0 0 0 0) 3 suggestion: 3
[5 3 2 1 1 1 0 0 0] (6 1 0 0 1 0 0 0 0 0 0 0 0 0) 2 suggestion: 4
[9 3 2 1 1 1 0 0 0] (6 1 0 1 1 0 0 0 0 0 0 0 0 0) 4 suggestion: 4
[7 5 2 1 1 1 0 0 0] (6 1 0 1 1 0 0 0 0 0 0 0 0 0) 4 suggestion: 4
[6 5 3 1 1 1 0 0 0] (6 1 0 1 1 0 0 0 0 0 0 0 0 0) 4 suggestion: 4
[5 5 3 2 1 1 0 0 0] (6 1 0 1 1 0 0 0 0 0 0 0 0 0) 4 suggestion: 4
[5 4 3 2 1 1 1 0 0] (6 1 0 1 1 0 0 0 0 0 0 0 0 0) 4 suggestion: 4
[5 2 2 1 1 1 1 0 0] (6 1 0 0 1 0 0 0 0 0 0 0 0 0) 2 suggestion: 4
[9 2 2 1 1 1 1 0 0] (6 1 0 1 1 0 0 0 0 0 0 0 0 0) 4 suggestion: 4
[6 5 2 1 1 1 1 0 0] (6 1 0 1 1 0 0 0 0 0 0 0 0 0) 4 suggestion: 4
[5 5 2 2 1 1 1 0 0] (6 1 0 1 1 0 0 0 0 0 0 0 0 0) 4 suggestion: 3
[5 1 1 0 0 0 0 0 0] (2 0 0 0 1 0 0 0 0 0 0 0 0 0) 1 suggestion: 1
[5 1 1 1 0 0 0 0 0] (3 0 0 0 1 0 0 0 0 0 0 0 0 0) 1 suggestion: 1
[5 1 1 1 1 0 0 0 0] (4 0 0 0 1 0 0 0 0 0 0 0 0 0) 1 suggestion: 1
[5 1 1 1 1 1 0 0 0] (5 0 0 0 1 0 0 0 0 0 0 0 0 0) 1 suggestion: 4
[9 1 1 1 1 1 0 0 0] (5 0 0 1 1 0 0 0 0 0 0 0 0 0) 4 suggestion: 5
[14 1 1 1 1 1 0 0 0] (5 0 0 1 2 0 0 0 0 0 0 0 0 0) 5 suggestion: 4
[18 1 1 1 1 1 0 0 0] (5 0 0 2 2 0 0 0 0 0 0 0 0 0) 4 suggestion: 4
[14 5 1 1 1 1 0 0 0] (5 0 0 2 2 0 0 0 0 0 0 0 0 0) 4 suggestion: 5
[14 4 1 1 1 1 1 0 0] (5 0 0 2 2 0 0 0 0 0 0 0 0 0) 4 suggestion: 6
[9 5 1 1 1 1 1 0 0] (5 0 0 1 2 0 0 0 0 0 0 0 0 0) 5 suggestion: 6
[15 5 1 1 1 1 1 0 0] (5 0 0 1 2 1 0 0 0 0 0 0 0 0) 6 suggestion: 5
[11 9 1 1 1 1 1 0 0] (5 0 0 1 2 1 0 0 0 0 0 0 0 0) 6 suggestion: 5
[5 4 1 1 1 1 1 0 0] (5 0 0 1 1 0 0 0 0 0 0 0 0 0) 4 suggestion: 4
[6 3 2 1 1 0 0 0 0] (8 0 0 0 1 0 0 0 0 0 0 0 0 0) 1 suggestion: 2
[6 3 2 2 1 1 0 0 0] (8 1 0 0 1 0 0 0 0 0 0 0 0 0) 2 suggestion: 4
[6 3 3 2 1 0 0 0 0] (8 1 0 0 1 0 0 0 0 0 0 0 0 0) 2 suggestion: 7
[6 4 3 1 1 0 0 0 0] (8 1 0 0 1 0 0 0 0 0 0 0 0 0) 2 suggestion: 7
[6 4 3 2 2 1 1 0 0] (8 1 0 1 1 0 0 0 0 0 0 0 0 0) 4 suggestion: 4
[5 3 0 0 0 0 0 0 0] (3 0 0 0 1 0 0 0 0 0 0 0 0 0) 1 suggestion: 3
[5 3 1 0 0 0 0 0 0] (4 0 0 0 1 0 0 0 0 0 0 0 0 0) 1 suggestion: 3
[5 4 3 0 0 0 0 0 0] (4 0 1 0 1 0 0 0 0 0 0 0 0 0) 1 suggestion: 3
[5 3 3 1 0 0 0 0 0] (4 0 1 0 1 0 0 0 0 0 0 0 0 0) 3 suggestion: 3
[5 3 1 1 1 0 0 0 0] (6 0 0 0 1 0 0 0 0 0 0 0 0 0) 1 suggestion: 2
[5 3 3 1 1 0 0 0 0] (6 1 0 0 1 0 0 0 0 0 0 0 0 0) 2 suggestion: 3
[5 3 3 3 1 1 0 0 0] (6 1 1 0 1 0 0 0 0 0 0 0 0 0) 3 suggestion: 3
[5 4 3 3 1 0 0 0 0] (6 1 1 0 1 0 0 0 0 0 0 0 0 0) 3 suggestion: 3
[6 5 3 1 1 0 0 0 0] (6 1 1 0 1 0 0 0 0 0 0 0 0 0) 3 suggestion: 7
[8 3 3 1 1 0 0 0 0] (6 1 1 0 1 0 0 0 0 0 0 0 0 0) 3 suggestion: 3
[6 2 2 2 1 0 0 0 0] (8 0 0 0 1 0 0 0 0 0 0 0 0 0) 1 suggestion: 2
[6 2 2 2 2 1 0 0 0] (8 1 0 0 1 0 0 0 0 0 0 0 0 0) 2 suggestion: 4
[6 3 2 2 2 0 0 0 0] (8 1 0 0 1 0 0 0 0 0 0 0 0 0) 2 suggestion: 4
[6 4 2 2 1 0 0 0 0] (8 1 0 0 1 0 0 0 0 0 0 0 0 0) 2 suggestion: 7
[8 2 2 2 1 0 0 0 0] (8 1 0 0 1 0 0 0 0 0 0 0 0 0) 2 suggestion: 3

