[0 0 0 0 0 0 0 0 0] (0 0 0 0 0 0 0 0 0 0 0 0 0 0) 1 suggestion: 1
[1 0 0 0 0 0 0 0 0] (1 0 0 0 0 0 0 0 0 0 0 0 0 0) 1 suggestion: 1
[2 0 0 0 0 0 0 0 0] (2 0 0 0 0 0 0 0 0 0 0 0 0 0) 1 suggestion: 3
[5 0 0 0 0 0 0 0 0] (2 0 1 0 0 0 0 0 0 0 0 0 0 0) 3 suggestion: 5
[3 2 0 0 0 0 0 0 0] (2 0 1 0 0 0 0 0 0 0 0 0 0 0) 3 suggestion: 3
[6 2 0 0 0 0 0 0 0] (2 0 2 0 0 0 0 0 0 0 0 0 0 0) 3 suggestion: 5
[5 3 0 0 0 0 0 0 0] (2 0 2 0 0 0 0 0 0 0 0 0 0 0) 3 suggestion: 5
[3 3 2 0 0 0 0 0 0] (2 0 2 0 0 0 0 0 0 0 0 0 0 0) 3 suggestion: 3
[1 1 0 0 0 0 0 0 0] (2 0 0 0 0 0 0 0 0 0 0 0 0 0) 1 suggestion: 1
[2 1 0 0 0 0 0 0 0] (3 0 0 0 0 0 0 0 0 0 0 0 0 0) 1 suggestion: 1
[3 1 0 0 0 0 0 0 0] (4 0 0 0 0 0 0 0 0 0 0 0 0 0) 1 suggestion: 3
[6 1 0 0 0 0 0 0 0] (4 0 1 0 0 0 0 0 0 0 0 0 0 0) 3 suggestion: 5
[4 3 0 0 0 0 0 0 0] (4 0 1 0 0 0 0 0 0 0 0 0 0 0) 3 suggestion: 3
[3 3 1 0 0 0 0 0 0] (4 0 1 0 0 0 0 0 0 0 0 0 0 0) 3 suggestion: 3
[2 2 0 0 0 0 0 0 0] (4 0 0 0 0 0 0 0 0 0 0 0 0 0) 1 suggestion: 3
[5 2 0 0 0 0 0 0 0] (4 0 1 0 0 0 0 0 0 0 0 0 0 0) 3 suggestion: 5
[3 2 2 0 0 0 0 0 0] (4 0 1 0 0 0 0 0 0 0 0 0 0 0) 3 suggestion: 3
[2 1 1 0 0 0 0 0 0] (4 0 0 0 0 0 0 0 0 0 0 0 0 0) 1 suggestion: 1
[3 1 1 0 0 0 0 0 0] (5 0 0 0 0 0 0 0 0 0 0 0 0 0) 1 suggestion: 3
[6 1 1 0 0 0 0 0 0] (5 0 1 0 0 0 0 0 0 0 0 0 0 0) 3 suggestion: 5
[4 3 1 0 0 0 0 0 0] (5 0 1 0 0 0 0 0 0 0 0 0 0 0) 3 suggestion: 3
[3 3 1 1 0 0 0 0 0] (5 0 1 0 0 0 0 0 0 0 0 0 0 0) 3 suggestion: 3
[3 3 3 1 1 0 0 0 0] (5 0 2 0 0 0 0 0 0 0 0 0 0 0) 3 suggestion: 3
[4 3 3 3 1 0 0 0 0] (5 0 3 0 0 0 0 0 0 0 0 0 0 0) 3 suggestion: 3
[3 3 3 3 1 1 0 0 0] (5 0 3 0 0 0 0 0 0 0 0 0 0 0) 3 suggestion: 5
[6 3 3 1 1 0 0 0 0] (5 0 3 0 0 0 0 0 0 0 0 0 0 0) 3 suggestion: 6
[4 3 3 3 3 1 0 0 0] (5 0 4 0 0 0 0 0 0 0 0 0 0 0) 3 suggestion: 4
[6 4 3 3 1 0 0 0 0] (5 0 4 0 0 0 0 0 0 0 0 0 0 0) 3 suggestion: 3
[7 3 3 3 1 0 0 0 0] (5 0 4 0 0 0 0 0 0 0 0 0 0 0) 3 suggestion: 5
[2 2 1 0 0 0 0 0 0] (5 0 0 0 0 0 0 0 0 0 0 0 0 0) 1 suggestion: 3
[5 2 1 0 0 0 0 0 0] (5 0 1 0 0 0 0 0 0 0 0 0 0 0) 3 suggestion: 5
[4 2 2 0 0 0 0 0 0] (5 0 1 0 0 0 0 0 0 0 0 0 0 0) 3 suggestion: 3
[3 2 2 1 0 0 0 0 0] (5 0 1 0 0 0 0 0 0 0 0 0 0 0) 3 suggestion: 3
[2 1 1 1 0 0 0 0 0] (5 0 0 0 0 0 0 0 0 0 0 0 0 0) 1 suggestion: 1
[3 1 1 1 0 0 0 0 0] (6 0 0 0 0 0 0 0 0 0 0 0 0 0) 1 suggestion: 2
[3 2 1 1 1 0 0 0 0] (6 1 0 0 0 0 0 0 0 0 0 0 0 0) 2 suggestion: 4
[3 3 1 1 0 0 0 0 0] (6 1 0 0 0 0 0 0 0 0 0 0 0 0) 2 suggestion: 3
[4 3 3 1 0 0 0 0 0] (6 1 1 0 0 0 0 0 0 0 0 0 0 0) 3 suggestion: 3
[4 4 3 3 0 0 0 0 0] (6 1 2 0 0 0 0 0 0 0 0 0 0 0) 3 suggestion: 3
[4 4 3 3 3 0 0 0 0] (6 1 3 0 0 0 0 0 0 0 0 0 0 0) 3 suggestion: 3
[7 4 3 3 3 0 0 0 0] (6 1 4 0 0 0 0 0 0 0 0 0 0 0) 3 suggestion: 4
[6 4 4 3 3 0 0 0 0] (6 1 4 0 0 0 0 0 0 0 0 0 0 0) 3 suggestion: 3
[6 4 4 3 3 3 0 0 0] (6 1 5 0 0 0 0 0 0 0 0 0 0 0) 3 suggestion: 2
[4 4 3 3 3 3 3 0 0] (6 1 5 0 0 0 0 0 0 0 0 0 0 0) 3 suggestion: 2
[4 3 3 3 1 0 0 0 0] (6 1 2 0 0 0 0 0 0 0 0 0 0 0) 3 suggestion: 3
[4 3 3 3 3 1 0 0 0] (6 1 3 0 0 0 0 0 0 0 0 0 0 0) 3 suggestion: 4
[6 4 3 3 1 0 0 0 0] (6 1 3 0 0 0 0 0 0 0 0 0 0 0) 3 suggestion: 3
[7 3 3 3 1 0 0 0 0] (6 1 3 0 0 0 0 0 0 0 0 0 0 0) 3 suggestion: 5
[3 3 3 1 1 0 0 0 0] (6 1 1 0 0 0 0 0 0 0 0 0 0 0) 3 suggestion: 3
[3 3 3 3 1 1 0 0 0] (6 1 2 0 0 0 0 0 0 0 0 0 0 0) 3 suggestion: 5
[6 3 3 1 1 0 0 0 0] (6 1 2 0 0 0 0 0 0 0 0 0 0 0) 3 suggestion: 6
[2 2 1 1 0 0 0 0 0] (6 0 0 0 0 0 0 0 0 0 0 0 0 0) 1 suggestion: 1
[2 1 1 1 1 0 0 0 0] (6 0 0 0 0 0 0 0 0 0 0 0 0 0) 1 suggestion: 1
[2 1 1 1 1 1 0 0 0] (7 0 0 0 0 0 0 0 0 0 0 0 0 0) 1 suggestion: 4
[3 1 1 1 1 0 0 0 0] (7 0 0 0 0 0 0 0 0 0 0 0 0 0) 1 suggestion: 4
[1 1 1 0 0 0 0 0 0] (3 0 0 0 0 0 0 0 0 0 0 0 0 0) 1 suggestion: 1
[1 1 1 1 0 0 0 0 0] (4 0 0 0 0 0 0 0 0 0 0 0 0 0) 1 suggestion: 4
[5 1 1 1 0 0 0 0 0] (4 0 0 1 0 0 0 0 0 0 0 0 0 0) 4 suggestion: 5
[4 1 1 1 1 0 0 0 0] (4 0 0 1 0 0 0 0 0 0 0 0 0 0) 4 suggestion: 4
[4 3 1 1 1 1 0 0 0] (7 0 0 1 0 0 0 0 0 0 0 0 0 0) 4 suggestion: 4
[4 4 3 1 1 1 1 0 0] (7 0 0 2 0 0 0 0 0 0 0 0 0 0) 4 suggestion: 4
[5 4 3 1 1 1 0 0 0] (7 0 0 2 0 0 0 0 0 0 0 0 0 0) 4 suggestion: 5
[7 4 1 1 1 1 0 0 0] (7 0 0 2 0 0 0 0 0 0 0 0 0 0) 4 suggestion: 7
[8 3 1 1 1 1 0 0 0] (7 0 0 2 0 0 0 0 0 0 0 0 0 0) 4 suggestion: 5
